Year: 2019
  1   2  11  37
  1   3  24  30
  1   4  19  14
  1   5  48  48
  1   6  12  34
  1   7  35  35
  1   8  11  37
  1   9  11  21
  1  10  45  32
  2   3  37  46
  2   4  41  14
  2   5  32  43
  2   6  22  32
  2   7  31  46
  2   8  48  25
  2   9  17  16
  2  10  21  28
  3   4  39  42
  3   5  37  29
  3   6  45  24
  3   7  33  21
  3   8  12  23
  3   9  43  34
  3  10  31  41
  4   5  23  38
  4   6  37  14
  4   7  32  47
  4   8  47  29
  4   9  13  31
  4  10  19  28
  5   6  46  45
  5   7  40  12
  5   8  18  36
  5   9  10  32
  5  10  34  18
  6   7  16  15
  6   8  20  19
  6   9  20  40
  6  10  16  31
  7   8  43  38
  7   9  39  33
  7  10  14  44
  8   9  46  10
  8  10  16  26
  9  10  21  38
