Year: 2023
  1   2  25  20
  1   3  23  36
  1   4  14  29
  1   5  22  49
  1   6  23  34
  1   7  44  40
  1   8  35  19
  1   9  36  43
  1  10  44  32
  2   3  18  28
  2   4  37  35
  2   5  48  41
  2   6  12  35
  2   7  47  24
  2   8  44  34
  2   9  24  44
  2  10  22  49
  3   4  43  40
  3   5  17  27
  3   6  48  27
  3   7  23  40
  3   8  13  38
  3   9  42  35
  3  10  32  10
  4   5  23  37
  4   6  12  29
  4   7  17  35
  4   8  33  14
  4   9  33  22
  4  10  31  31
  5   6  13  42
  5   7  35  43
  5   8  15  41
  5   9  22  32
  5  10  32  16
  6   7  34  30
  6   8  37  10
  6   9  23  24
  6  10  40  20
  7   8  45  43
  7   9  41  10
  7  10  26  37
  8   9  15  40
  8  10  30  24
  9  10  25  34
