Year: 2022
  1   2  47  46
  1   3  22  39
  1   4  45  42
  1   5  10  40
  1   6  13  39
  1   7  31  18
  1   8  11  39
  1   9  25  33
  1  10  12  35
  2   3  32  15
  2   4  18  36
  2   5  27  47
  2   6  42  22
  2   7  19  44
  2   8  11  39
  2   9  26  19
  2  10  18  22
  3   4  35  45
  3   5  44  39
  3   6  11  42
  3   7  35  30
  3   8  48  43
  3   9  29  33
  3  10  49  46
  4   5  17  19
  4   6  39  47
  4   7  36  39
  4   8  43  45
  4   9  27  26
  4  10  16  35
  5   6  18  12
  5   7  25  24
  5   8  44  31
  5   9  46  41
  5  10  36  33
  6   7  43  45
  6   8  35  23
  6   9  42  18
  6  10  42  35
  7   8  43  46
  7   9  11  48
  7  10  16  32
  8   9  11  34
  8  10  46  32
  9  10  19  11
