Year: 2021
  1   2  11  24
  1   3  23  49
  1   4  28  28
  1   5  30  38
  1   6  17  37
  1   7  18  23
  1   8  18  13
  1   9  17  31
  1  10  40  27
  2   3  23  44
  2   4  39  26
  2   5  25  21
  2   6  10  19
  2   7  49  46
  2   8  48  33
  2   9  34  18
  2  10  14  19
  3   4  39  32
  3   5  45  15
  3   6  23  33
  3   7  13  37
  3   8  44  33
  3   9  18  10
  3  10  28  28
  4   5  30  46
  4   6  48  11
  4   7  39  48
  4   8  19  47
  4   9  42  32
  4  10  28  22
  5   6  48  29
  5   7  40  27
  5   8  48  41
  5   9  25  18
  5  10  46  41
  6   7  12  44
  6   8  42  25
  6   9  18  16
  6  10  12  16
  7   8  45  43
  7   9  39  32
  7  10  14  26
  8   9  11  48
  8  10  12  21
  9  10  31  29
