Year: 2020
  1   2  34  49
  1   3  36  13
  1   4  27  28
  1   5  48  12
  1   6  19  31
  1   7  43  45
  1   8  49  28
  1   9  34  20
  1  10  27  36
  2   3  43  36
  2   4  31  35
  2   5  14  42
  2   6  40  39
  2   7  27  23
  2   8  27  42
  2   9  36  20
  2  10  11  46
  3   4  45  17
  3   5  25  24
  3   6  41  22
  3   7  40  40
  3   8  31  14
  3   9  16  40
  3  10  37  41
  4   5  17  27
  4   6  27  17
  4   7  43  33
  4   8  35  39
  4   9  19  48
  4  10  31  38
  5   6  32  36
  5   7  36  40
  5   8  23  18
  5   9  30  41
  5  10  12  25
  6   7  20  49
  6   8  34  27
  6   9  38  13
  6  10  45  11
  7   8  12  40
  7   9  21  46
  7  10  24  30
  8   9  46  31
  8  10  38  49
  9  10  38  14
